430016730
448784494
734055003
673091002
663512048
405827231
101184675
434906021
405821256
405823247
193771080
146648999
628900385
192099508
192099508
663512048
651071003
661806213
385696142
405823248
405821256
405823247
405827231
405827230
430016730
33223555
637020180
323941269
405823245
192099508
405823245
1724111234
463380267
746787673
193771080
33223555
434906021
651068090
39918192
651101086
651068098
323941269
1714698017
651746114
10846690
58961156
1713882574
484644078
58549601
484644078
484644078
199805034
1732136792
484644078
651492488
273768463
753769719
484644078
1729507824
8514806
58549601
1729507824
653339033
484644078
484644078
649992068
1727534745
653339033
13227752
449231143
346683393
9356208
653339033
262991022
572210188
58961156
1719883985
162661288
533728063
226305058
439495259
385696141
673835004
813468039
785665020
642426137
676086514
1729507824
10846690
1733441613
183740383
10846690
388454106
405823247
10846690
405821256
76645300
405823245
1722534111
445318241
653339033
1729507824
662551134
653339033
1729507824
653339033
1729507824
130084527
130084527
649988075
13002517
199695024
37980128
35302395
130084527
37980134
199697023
273768459
58961156
484644078
31305573
35302395
72517020
634819390
657293023
677643009
634589880
273768463
261861441
299703529
261862373
72515017
254752311
273768463
657312012
37981142
657293027
1728923031
661289000
422231912
695740290
526197170
664879647
664967601
507467392
273769165
650533345
385807099
435570119
356807231
273768219
650533345
650528305
273768219
356808804
115758700
1715611941
507467392
470147127
434905016
339966139
662915042
273769165
192793048
333197002
650533345
470147127
165122258
744647017
695740290
722975022
650528305
507467392
356807231
650528305
115758700
273769165
339966139
339966139
273769165
386962126
157267106
8356351
12220787
598406071
13585805
144756306
72516257
519796004
165121200
1712278809
405821799
452709048
394275099
539600022
539600022
58549096
190032448
40652426
662709515
189294518
1711072152
793220713
440852319
250199141
415569584
144765249
539600022
375937588
250199141
1718685942
144765199
440852319
157267106
354685073
650696123
674993055
378752720
440852319
261862089
650713035
339963264
189294518
539575049
452709048
385696140
675838005
144765059
189294518
157267106
40652426
13075153
1717054010
539575049
261862108
95900739
539575049
766607122
1733330689
346598069
1711072152
393410195
650696123
1711072152
119801295
1949450868
13585805
375937588
652087802
665821144
652093838
652484284
652298782
661783637
775068032
144750022
150329171
674993055
677286001
146648424
150329171
163583770
672988024
663518277
377113129
799072092
256241004
662343053
262537061
254752700
144750058
377113129
146650545
144765249
256261047
676323509
657056005
630404305
190032448
662710509
163583790
676323509
661812002
163584798
55277955
388458114
163583755
256241063
388458073
388458108
813463150
778016016
165767871
388454240
330530051
740585010
1730026695
641073718
191224040
657016396

-- ПЕРВАЯ ПАРТИЯ --

189294824
41266706
642790527
344135742
641423425
369914321
740237000
191224040
352675088
44778183
472747866
388460220
673575009
674399007
352675088
397586441
388460198
657016396
388458184
388460186
1717160461
784694751
388460204
657016396
344578151
165767871
188528197
657154009
657154009
657151019
657151019
662915031
662926021
662907052
662915031
675259065
1938535475
724060001
445318241
673575002
676043333
334418045
525344053
677249348
752265055
639928050
677416025
131025003
662362048
752271047
752265055
641055268
323136513
668047443
734035019
334399917
734056017
1710665160
674436908
1971896692
752262035
486114179
752278775
737012061
449232530
734035019
672924332
675555406
662469326
639926044
334399488
427053197
452709051
674800109
660503713
737012061
752268050
734035019
752265055
752262035
660966085
444746816
675840083
721450472
737012061
734061048
675259065
673318677
188528197
657154009
629670058
752268050
629670058
662913044
675259065
629670060
427630028
662907052
752262035
427630028
675347026
427630028
662926021
752271047
1729210209
657154039
657149029
657147037
657147037
657150037
657154039
415565465
661702004
415578422
660775081
661702004
661702004
415578422
415578422
639936236
415578421
415565465
415578421
415578421
415565466
639973193
657148040
657148039
657151049
657147039
657150034
657147039
657154041
657150034
657148039
657154041
657150037
657147038
657150035
657149028
657149029
657149030
657149031
678184033
678188034
678188027
678180028
678180031
678188027
678188034
678180031
453406153
678184037
678188027
678184038
646834081
678196031
678188027
678196031
678180028
678180028
637385188
678184037
678184037
678184033
637388209
678196031
678180028
646839129
678196031
678180028
649577103
678184033
678184033
453406153
652285052
642426822
678188027
657151049
678184038
678196031
415565465
657149028
678184033
646842054
657149031
647871379
657147038
678180031
657150035
657150036
647870374
646842108
678188034
637367225
637383211
657150036
657148040
415565466
678184038
415565466
657149030
558168089
558168089
558163129
558163118
558163118
558163118
660775081
661697002
661703003
661703003
558163129
674373003
674372001
558168089
558171067
674372001
558171067
558168089
674373003
722974019
558163129
558163103
558163118
558163101
722974019
722974019
558163118
558171078
722974019
558163118
674369006
674370005
558163118
674370005
674370005
558163101
558163118
558163118
558163101
558163101
558163129
674369006
558163101
558171078
558171081
558171081
558171078
558171078
558168099
558168099
558171078
558171081
558168089
558171081
558168089
558163129
558171078
558171078
722974019
722974019
558171067
558171067
558171067
558171067
558171067
558163103
558171081
558171078
558168089
558168099
558168089
558163103
558163103
558168089
558168099
558171067
660775081
558163129
722974019
661697002
558171067
661703003
558171081
722974019
558163118
558171067
558168089
661697002
558171067
558168089
558163118
558171067
558163129
558163129
558163118
674372001
558168089
674373003
722974019

ВТОРАЯ ПАРТИЯ


558171081
722976012
722976012
722977013
722976004
722978017
722979017
722979017
722976004
722976004
722978017
722979017
722977013
722974019
722978016
722978017
722978017
722978018
722978016
722978016
722978016
722978016
722976004
722979017
722978017
722978016
722977013
722976004
722978018
722979017
722979022
722977015
722976012
722976012
722979022
722974028
722979022
722977015
722974028
722977016
722974028
722979022
722977016
722974028
722979022
722976004
722976004
722977013
722978017
722977016
722976012
722978017
722977015
722977013
722978018
722977016
722977013
722979017
722978018
722974028
722974028
722976012
722978016
722978016
722977016
722979017
722974028
722977016
722978018
722976004
722977016
722978018
722976004
722979017
722977015
661221014
722976004
722977015
722978018
722977015
722979022
722979017
722979022
722977016
722977015
722977013
722978016
722978017
722979017
722978017
722978018
722977013
722974028
722976012
722977015
722977013
722978016
722979022
722978017
722977013
722976012
676859009
612791068
676859009
612791068
665226007
661221015
676859009
699505016
699505016
612791068
665226007
553247011
417636374
553247011
553247011
661221015
665226007
175939244
612787058
661215021
657803244
175941311
418964205
661215021
175944418
175944418
418966254
175941311
661220018
175941311
661221014
661215021
661221014
175944418
175944418
175944418
175941311
175941311
661223003
417636374
661221014
175944272
175941311
417636374
175941400
175939320
175939320
661223003
175939321
175941400
175939244
175939321
175939320
175939320
175941400
175944272
175939244
175939320
175939244
175939244
661221015
721156039
721156039
661221014
661223002
661221015
661221015
661215021
175944418
175944272
175944272
661215021
175944418
175944418
175941311
175941311
175939320
175941400
175941311
175944272
661215021
175941311
175944418
598990007
661221014
175941311
706444014
175944418
175939244
612787058
175941311
175944418
661221015
612787058
418964205
721156039
661220018
661221014
661221015
668483660
661214012
662908387
656560077
664579202
664579202
668483660
664579202
718131004
662903326
650869003
661312003
656558073
661312003
661312003
661252021
663375057
700802011
700802011
657019065
677594051
650869003
650874000
657802078
718143753
665108013
657802078
650874000
657413114
665108013
657413114
652152122
652152122
657023057
657023057
661214011
470161106
657803244
663817020
573473024
663817020
470161106
470161106
658184183
657019065
656558073
677594051
662545288
573473024
656558073
661221008
657843127
661252021
661214012
650874000
661209014
662905263
718143753
662905263
661209014
661209014
677590045
652152122
661215015
657802078
650869003
650869003
663375057
661214013
661214013
650874000
661215015
661215015
673285002
661214011
661221008
735694181
673284000
739093006
739093006
738204082
661777001
661214011
677590045
656560077
657843127
738204082
657413114
673285002
661221008
656560077
665108013
661777001
663817020
662545288
661252021
735694181
673284000
778015020
662533025
382678003
678180055
678180055
738207074
741852023
814375019
813468094
678179040
678179040
813468094
662533025
814375019
778017032
674251003
674251003
663190021
814374042
814375019
707572265
814375031
707573249
665736013
678179040
741852023
813468094
778017032
665748002
814375019
814375028
813468094
814374042
814375028
778017032
707573249
814368035
738207074
778015020
707572265
674248003
674248003
726305004
678179040
674245000
814375031
674245000
674245000
545539105
665223001
521439130
675018012
687084005
382678003
695755056
695755056
695755056
653533063
653534039
653530044
653539053
662533025
730194035
814375028
730197028
676599013
674251003
730194035
730197028
678180055
814368035
676599013
545539105
653530044
653533063
653533063
653539053
386619033
678180055
653534039
653534039
778015020
675018012
674248003
695755056
687084005
665748002
695755056
695755056
657610120
665310001
662541008
657609104
67698398
1728622897
1728622897
1728622897
675823012
1728622897
1728622897
665306172
665306172
1728622897
675823012
675870030
670613003
1728622897
1728622897
1728622897
657609104
1728622897
662540009
1728622897
675870030
675823012
1728622897
1728622897
1728622897
662540008
665306172
665306170
1728622897
1728622897
662540008
662539009
662539009
662539009
662539009
675823012
662541008
670614000
12735663
14211947
14211945
573324027
573324027
665468003
677505000
662539009
670614000
662541008
657609104
572745038
572745038
657610120
675870030
662540008
573324027
1728622897
1712127696
662541008
573324027
662539009
662541008
662540009
662540008
662540009
657610120
573324027
14211948
572745038
572745038
662540008
573324027
662541008
665310001
670613003
670614000
670613003
662541008
657610120
657610120
665310001
1728622897
1728622897
572745038
35575084
1972370313
36036056
1972374288
209983633
54304108
615088010
615036022
239119930
245461076
419571209
135797296
1964075387
1725687289
1731308911
1712279631
158327095
151671346

3 ЧАСТЬ ТОВАРОВ


1964075387
1964075387
1716622137
1803351261
1803351261
1803351261
1719016447
12367811
1717497400
13449767
1964129653
254750269
13325366
387430042
1964547409
1964547409
424941118
1964127052
1964127052
1964127052
158325116
424941118
424941118
1809547291
14018876
1713772584
1713772584
1713772584
1713772584
1803351256
144765353
427627042
1718202900
427626082
141923442
1803351256
1964547409
1713772584
779050008
779050008
779050008
458460518
14206836
1803351256
1803351256
1803351256
1972245420
1716622137
1716622137
1719016447
1716622137
612787165
14262592
1803351256
665478000
224174226
667846027
1716268849
1716268849
417038108
1803351256
779050008
1810233793
13932760
515102096
1713010666
1713060292
1803351261
1713010666
515102096
1713010666
1964547409
455757273
1719016447
424941118
779050008
267342154
664245658
650217103
1972245420
14000843
1972245420
1972245420
1810233793
129981820
677732069
677732069
333196220
59836721
676035008
1807960465
1810224644
12520816
1730192405
661715042
1810224644
667163049
1730192405
12520816
202987280
1807960465
1810224644
448717000
1964084019
188522000
1964084019
197651438
59836687
59836721
59836721
59836687
197651438
59836687
39609751
382684024
382684024
653546210
382684024
653546210
135797627
135797627
558173282
267342154
267342154
674368003
674368003
674368003
267342154
460635196
13958597
650217103
460635196
460635196
460635196
460635196
13958597
650217103
267342154
267342154
14018876
267342154
558173282
267342154
558173282
267342154
267342154
1754356250
267342154
664245658
562279010
1710134396
677732069
39608849
254750269
674368003
202987280
39608849
653546210
653546210
661808352
577221016
674368003
437249337
188522000
1810233793
129981820
448717000
437251335
39610817
197651438
521432204
521432204
663968009
678188030
678188032
1731710743
444694982
489015143
678188030
13909442
13803710
678180030
13803710
475729020
678188030
678188032
521432204
678188024
62468552
678188024
471455088
1732204347
650917414
558163039
558163039
385652001
471455088
385652001
558171104
471455088
385652001
666134508
558171104
471455088
558171104
444694982
475729020
218885111
218885111
444694982
1719412670
394271125
428644206
1731710723
152407503
558173282
218885111
55276657
641073364
55276657
55278622
641073364
641073364
641073364
55278622
55278622
558163039
55278622
641073364
55276657
641073364
55276657
55276657
55278622
165767631
165767631
558173282
558173282
558173282
165767631
558173282
558173282
165767631
650917414
558173282
558173282
13865956
1721850455
1721850455
13865966
1721850455
13229627
13229627
13229627
13865966
165767631
1732204347
678188030
675502008
678188030
678188024
678180030
1732204394
1732204394
151671190
482945047
382715374
1721857516
1733344222
678180040
575750012
654575747
153253037
268628132
482945047
14216069
457795246
678182033
14165548
1733344207
1733344209
13066256
1733344209
153252048
653540846
652160023
1723681663
457795246
1723681663
1723681653
1723681653
654575747
678182035
457795246
663081095
457795246
413265633
653540846
613634084
653540846
678182033
650476375
674369002
654575747
14165548
678182035
676676039
14165548
14165548
654575747
661808208
678180040
678184047
650476373
661808208
653540846
531800040
575750012
575750012
575737004
1723681670
718138009
653540846
650476373
14126989
1723681698
678188024
14216069
654575747
217970226
107660072
1733344222
652017200
1723681679
1725096108
14216069
153252048
678184047
674368004
674368004
482899038
1723681670
1721857516
561622015
561686005
561686005
676676039
664683593
678184047
674369002
678188024
561686009
1800938390
561622015
664683593
561622015
613634082
561686005
678182033
677360416
334418666
1911166464
97214405
1732194227
325002321
419328098
1732194381
51784608
1971365424
1971412049
51776685
1729022410
14173429
41266569
667962005
661508056
586044509
646928084
677360191
254751251
470077002
662465989
738029012
653547210
662486025
36571071
1729022410
442422588
662471168
653547210
662486025
649877175
420071649
650319127
533434080
782090837
656900167
677178002
621659452
590820041
420071649
653547210
667962005
608390466
667331000
34066360
40822007
1974680709
653547210
430016730
668285653
34066358
738036013
299702175
12859141
586044509
418966355
470077002
782090837
463956168
1712324191
667627002
442424514
14181481
444694893
51776688
673192011
12575397
622317001
532905108
197642701
622436074
662358000
590820041
664915012
782119009
36875316
40815053
628889058
1724111234
705625269
1714808828
728306975
739257644
42047016
251671325
14252874
356807351
42166980
419684263
356807884
1793076798
1779620942
1006718
12444722
1570348
440850544
1807272420
239119921
1807296244
1715591792
491331059
198650002
13811586
1730250978
42166980
650315167
651112023
558176017
521440226
159402978
431970045
558176020
630049531
40652302
558176017
341447174
437250315
1733341664
673249291
558165022
1971204201
431442005
650315167
1971204201
1971204201
651112023
761839003
651112023
558176020
663072529
1722774491
431442039
722974011
662484133
413265633
382684024
1962901697
573324027
630030594
657061361
584383003
12844877
42168916
10712251
491331059
431440046
382684024
663072529
431967052
12912307
478553278
6338165
650317150
1973054667
1973054667
650317150
437250315
630030594
42046013
40381890
150329301
14260832
662484133
224174226
676519174
657661457
417038108
558165022
13185733
14252872
439260122
11114760
13134036
761839003
440851540
14252873
722974011
754325341
12741865
521440226
413265633
325004201
323944447
655420145
14263839
13838310
1719542185
673263882
114392985
637019269
330530013
655728104
13584660
212327352
655673035
323941388
1722664852
584482000
203427049
334648802
109642074
13584660
587351015
567008124
114395977
655678016
34372017
115757125
648657517
1725546065
584383003
115757642
539582179
235386010
1969131406
404083200
649586384
1881807756
447728142
652118906
1719453973
14263838
654492088
375931136
183729189
556247066
13373970
14207221
183727094
14207222
171714031
588008021
404083200
650484564
536918049
226445024
38306128
36020534
1805188558
38306128
235951179
235951179
33224138
33224138
463967099
157465212
1731721566
273768219
33224136
36020532
463956082
1971908429
650874000
14215671
1971908429
36020532
463967099
33224136
33224138
33224138
36020532
33224136
33224136
36020532
463956082
245442028
386962209
1719016447
417037196
13175605
1729753049
521432204
12883476
14211945
1719016447
1716622137
1713772584
1729753049
1729753049
344135691

4 ЧАСТЬ ТОВАРОВ


344135691
657618732
382684024
386961121
642423018
1803351261
10818816
14018876
12520816
3547676
210915575
1727143871
1727143871
1727143871
1727143871
10971799
628861049
382684024
427627022
518204329
518203381
518203381
657618732
8478688
466211086
1732181846
1714785541
518203381
1725119074
245430028
1725119074
518204329
518203381
650874000
437251335
518203381
1727143784
567012003
13175605
628861049
10971799
628861049
245430028
184559271
12859245
642423018
518203381
518203381
663334002
652535484
518203381
427627022
245442028
386961121
518204329
518203381
518204329
117389034
1729753049
1720669702
519742001
519742001
657618732
10818816
10818816
1730157127
657618732
525344053
628889058
454094069
432103248
415569355
202605006
202605006
649577104
452711050
415565461
217193007
523868011
1725464369
1805184101
1773683560
1729183418
432101256
169417582
519621086
525325040
560262044
524535017
524535017
175944378
175944377
138725883
449234102
449234102
449234102
449234102
382714113
382714113
382714113
382714113
382714113
415565462
519621086
452631113
415569355
175944378
415565461
382714113
454094068
454094068
560262044
415565463
560262044
560275025
560275025
432103248
202605006
415565461
525325040
415565463
525344053
202605006
202605006
202605006
525325040
525344053
415565462
432101256
662907052
678184033
117389034
662907052
525325040
560271031
1728474268
415565462
453403126
537771006
415565463
415569355
175941409
674369006
655415105
560271031
519621086
432101256
432103248
560271031
169417582
560271031
560275025
1806524404
1728785982
1732187073
558163101
558163101
667805016
558163101
13865956
13865956
1732187073
1732187318
1732187318
13229627
662758017
653337169
439495279
14206636
14206636
14206636
1732187073
1732187318
662758017
658180080
658180080
667805016
653337169
653337169
661223002
417637167
661812895
429774005
195289066
1806585982
417300066
1732210983
1732181846
413274473
662491009
1732171530
272137053
558163103
558168099
558168099
558168099
558168099
558163103
14206682
14206682
175939321
439495279
662491009
667805016
658180080
175939321
413274473
14206636
413274473
429774005
146649028
662497007
558163103
439495279
653337169
661221014
417302050
657656083
1806585982
146649028
667663015
272137053
272137053
14206711
662498006
662491009
662498006
1732210983
662758017
14206637
1732187073
14209841
1732210983
1732181846
1732171388
14206636
564723024
14206682
1732171388
1732181846
558171081
1732181846
1732171530
558163103
14209841
14206682
564723024
1732171388
1732210983
14209841
175941455
1732171530
572753035
651246086
573324046
418966254
707569079
226445024
544612019
662497007
662497007
662908387
656848043
572753035
652049364
661814026
382680005
657794151
705464034
382680005
521439130
665223001
636396034
654292017
661214013
562099108
418964205
705464034
650533824
382680005
382680005
394273081
402895984
402895984
544612019
402895984
572753035
718131004
718131004
651246079
661778001
648489040
405821405
562099108
563253010
661312003
386619033
386619033
386619033
658184183
382680005
658184183
533622095
521439130
533622095
394273081
656848043
651246079
668478677
662909410
661778001
544612019
657794151
651246086
544612018
382678003
418964205
705464034
382680005
382680005
650869003
661252021
650869003
394273081
636396034
707569079
650869003
650533824
533622095
573324046
382680005
563253010
650874000
382680005
650533824
386619033
650874000
382678003
662909410
661252021
656848043
663375057
650869003
665736013
663375057
662903326
668478677
202525080
651246086
661814026
265356758
605933011
665748002
662533026
104175560
662533026
605933011
605933011
605933011
605933011
605933011
13066256
1732213270
483024043
718138009
560208000
1732213271
651112023
484948071
662897276
663191048
663185060
630058598
630030594
560205001
560205001
560208000
245463022
245463022
662895354
662897276
219089715
121979458
333197081
1731640746
531682072
531682072
664683593
718138009
1800938390
413265633
561615010
561615010
1732213270
561686009
219089715
1906365948
107660836
107660836
663185060
447728226
560208000
662897276
513299026
413265633
413265633
664683593
1731640746
1972058953
591295002
1731640746
115757023
115758326
478584118
441452402
526201075
1732241231
1733341440
12859245
1717471370
140070210
417037145
665736013
591295002
115757585
458898433
630058598
531682072
676676039
630058598
630406440
630030594
630030594
413265633
663190021
1731640746
560205001
663191048
368058325